111011011011010101010110101011101011010101110101011
010110101010110101011010101011110101010101101011011111111111010111010101010101010101011101110101011
01010110101
10110101110101010111110101
11010101101010101110101111010111011
010111010101111101011011011011101010111010101
0101011101010101011011011111011011010101010101110101010101110101110101110111011101110101101010101
0101101011011101101101011110110101010101010101010110101010111010110101010101101010101110101
0111010110111010111111010101011010101010101010111111011010111111101010101011010111101101010101
10101011010110101101010111110111011011110101101011010110101011010101011011010110101
01111
1010101101011010101111101010101
11010110101101011111101010111010101011111011111011010101111010101010110110111010101010110101
11010101101011101011110101101101010111011011110101010101101011011111010110101010101101110110101
1011101011110101010101101010101110101
0111111011011101010101101101101010101010101101010101010101101011110101010101011011
011101101101011101110111111101101110101110101
011110101011010101011111010101110101010111010101
0101
101011010111101011010101010101011110101111010101011
